1 0.269922 0.446289 0.039844 0.095703
1 0.292969 0.433105 0.043750 0.083008
1 0.405078 0.458008 0.039844 0.109375
1 0.489453 0.542969 0.066406 0.140625
1 0.498437 0.439453 0.037500 0.095703
1 0.630078 0.446777 0.042969 0.096680
1 0.753906 0.487305 0.057813 0.128906
1 0.805078 0.534180 0.082031 0.179688
1 0.851953 0.499023 0.053906 0.134766
1 0.923047 0.361816 0.125781 0.215820
0 0.314453 0.500977 0.075781 0.164062
0 0.413281 0.630371 0.081250 0.286133
0 0.375391 0.448242 0.036719 0.107422
0 0.451562 0.437500 0.029687 0.093750
0 0.397656 0.403809 0.026562 0.026367
0 0.526953 0.451172 0.035156 0.113281
0 0.554297 0.463379 0.044531 0.118164
0 0.623047 0.466797 0.038281 0.121094
0 0.698047 0.477539 0.047656 0.121094
0 0.808203 0.719238 0.144531 0.266602
