0 0.248828 0.541016 0.036719 0.070312
0 0.341406 0.478027 0.035937 0.092773
0 0.483594 0.445801 0.023438 0.083008
0 0.585938 0.504395 0.026562 0.092773
0 0.601953 0.547852 0.032031 0.113281
0 0.580469 0.595703 0.039062 0.111328
0 0.635156 0.501953 0.032813 0.107422
0 0.623828 0.443848 0.030469 0.081055
0 0.723437 0.470703 0.032813 0.093750
0 0.735156 0.452637 0.025000 0.090820
1 0.298438 0.488770 0.076563 0.145508
1 0.397656 0.605469 0.065625 0.132812
1 0.468750 0.704590 0.057813 0.180664
1 0.549219 0.641602 0.067187 0.142578
1 0.452734 0.501465 0.044531 0.075195
1 0.555859 0.457031 0.041406 0.083984
1 0.638672 0.414551 0.028906 0.065430
1 0.711719 0.414062 0.031250 0.068359
1 0.711719 0.574219 0.060937 0.126953
1 0.715625 0.475586 0.032813 0.072266
