1 0.080469 0.848145 0.159375 0.303711
0 0.385156 0.773438 0.093750 0.281250
0 0.519531 0.625488 0.054688 0.147461
0 0.496875 0.554688 0.034375 0.099609
0 0.376172 0.571777 0.035156 0.102539
0 0.260547 0.417969 0.028906 0.050781
0 0.280859 0.391602 0.033594 0.099609
0 0.311719 0.428223 0.018750 0.030273
0 0.616406 0.441406 0.028125 0.066406
0 0.542188 0.431152 0.014063 0.047852
1 0.083203 0.386230 0.058594 0.106445
1 0.375781 0.439941 0.025000 0.049805
1 0.404297 0.447266 0.024219 0.046875
1 0.482812 0.470703 0.021875 0.064453
1 0.513281 0.384277 0.018750 0.047852
1 0.555859 0.449707 0.016406 0.053711
1 0.012109 0.361816 0.022656 0.049805
