0 0.364063 0.494629 0.040625 0.069336
0 0.461328 0.450684 0.033594 0.088867
0 0.610938 0.446289 0.025000 0.091797
0 0.612500 0.623047 0.056250 0.146484
0 0.663672 0.576660 0.053906 0.137695
0 0.744922 0.535645 0.050781 0.127930
0 0.774219 0.474609 0.045312 0.105469
1 0.357031 0.445312 0.070312 0.132812
1 0.553516 0.495117 0.052344 0.074219
1 0.433594 0.571289 0.054688 0.126953
1 0.449609 0.691406 0.064844 0.185547
1 0.559766 0.650391 0.074219 0.154297
1 0.784375 0.637207 0.073438 0.145508
1 0.679297 0.470703 0.049219 0.097656
1 0.813672 0.441895 0.041406 0.086914
1 0.930469 0.440430 0.035937 0.062500
0 0.935547 0.476562 0.041406 0.062500
0 0.910156 0.481934 0.031250 0.034180
