0 0.544922 0.634766 0.091406 0.283203
0 0.374219 0.506836 0.073438 0.158203
0 0.403906 0.456055 0.031250 0.107422
0 0.419531 0.417969 0.018750 0.039062
0 0.467578 0.443848 0.027344 0.090820
0 0.551172 0.456055 0.032031 0.107422
0 0.587500 0.468262 0.040625 0.112305
0 0.651563 0.471680 0.034375 0.117188
0 0.721484 0.480469 0.044531 0.117188
0 0.932422 0.697754 0.135156 0.239258
1 0.291016 0.454590 0.038281 0.096680
1 0.308594 0.440430 0.032813 0.082031
1 0.442578 0.475098 0.035156 0.127930
1 0.515625 0.443848 0.037500 0.090820
1 0.544531 0.504395 0.045312 0.053711
1 0.646484 0.452637 0.039844 0.096680
1 0.780469 0.490234 0.050000 0.123047
1 0.844922 0.530762 0.086719 0.166992
1 0.880078 0.499023 0.050781 0.126953
1 0.952344 0.368164 0.095312 0.189453
