1 0.132812 0.621094 0.076563 0.119141
1 0.260156 0.699219 0.100000 0.246094
1 0.568750 0.815918 0.096875 0.182617
1 0.542188 0.439453 0.028125 0.076172
1 0.553125 0.492676 0.040625 0.083008
1 0.790625 0.390137 0.045312 0.088867
1 0.971875 0.812012 0.056250 0.084961
0 0.334375 0.425781 0.053125 0.136719
0 0.568750 0.528809 0.037500 0.106445
0 0.755078 0.680176 0.085156 0.157227
0 0.801562 0.599609 0.051562 0.091797
0 0.785156 0.502441 0.042188 0.114258
0 0.712891 0.391602 0.032031 0.083984
0 0.618359 0.410156 0.032031 0.083984
0 0.903516 0.282715 0.063281 0.139648
