1 0.612500 0.780762 0.076563 0.209961
1 0.813672 0.664551 0.072656 0.145508
1 0.526563 0.561035 0.035937 0.088867
1 0.537109 0.503418 0.022656 0.061523
1 0.606250 0.491211 0.050000 0.113281
1 0.308984 0.395020 0.027344 0.063477
1 0.089844 0.530762 0.042188 0.067383
1 0.447656 0.512207 0.018750 0.069336
0 0.056641 0.565430 0.028906 0.031250
0 0.062109 0.544434 0.038281 0.057617
0 0.255078 0.391602 0.033594 0.082031
0 0.382812 0.530762 0.059375 0.151367
0 0.270703 0.514648 0.025781 0.029297
0 0.429297 0.537109 0.019531 0.080078
0 0.362109 0.524902 0.016406 0.020508
