1 0.918750 0.543945 0.062500 0.152344
1 0.773438 0.491699 0.051562 0.110352
1 0.598437 0.589844 0.078125 0.152344
1 0.551172 0.485840 0.042969 0.108398
1 0.443750 0.467773 0.035937 0.039062
1 0.366797 0.627441 0.082031 0.151367
1 0.209375 0.583496 0.064062 0.151367
1 0.235547 0.510254 0.042969 0.120117
1 0.201563 0.390625 0.046875 0.109375
0 0.304688 0.455078 0.037500 0.064453
0 0.277734 0.574219 0.058594 0.144531
0 0.363672 0.522461 0.047656 0.078125
0 0.444922 0.526855 0.049219 0.127930
0 0.491797 0.548340 0.042969 0.149414
0 0.414844 0.436523 0.028125 0.080078
0 0.686719 0.589355 0.054688 0.166992
0 0.649219 0.508789 0.034375 0.126953
0 0.535156 0.453125 0.023438 0.095703
0 0.794922 0.577637 0.053906 0.161133
