1 0.177734 0.640625 0.047656 0.101562
1 0.229687 0.674316 0.056250 0.098633
1 0.299219 0.916016 0.101562 0.167969
1 0.494922 0.831543 0.063281 0.129883
1 0.634766 0.628418 0.041406 0.114258
1 0.812891 0.704102 0.077344 0.146484
1 0.523828 0.384766 0.038281 0.083984
1 0.358203 0.489258 0.032031 0.070312
0 0.224219 0.565918 0.031250 0.088867
0 0.303125 0.512695 0.028125 0.076172
0 0.287891 0.687500 0.050781 0.121094
0 0.482031 0.623047 0.032813 0.085938
0 0.513281 0.666016 0.046875 0.119141
0 0.707422 0.576660 0.035156 0.094727
0 0.727734 0.408203 0.027344 0.093750
0 0.421094 0.564941 0.025000 0.096680
0 0.440625 0.384277 0.028125 0.090820
