1 0.432031 0.736328 0.071875 0.169922
1 0.663281 0.639648 0.059375 0.134766
1 0.444922 0.543945 0.033594 0.089844
1 0.479297 0.494141 0.022656 0.066406
1 0.506250 0.477539 0.037500 0.097656
1 0.251953 0.385254 0.027344 0.063477
1 0.387891 0.500977 0.022656 0.064453
1 0.034766 0.505371 0.036719 0.045898
0 0.256641 0.516602 0.055469 0.140625
0 0.302344 0.527832 0.025000 0.053711
0 0.359766 0.521973 0.019531 0.077148
0 0.369922 0.393066 0.016406 0.055664
0 0.193359 0.383301 0.030469 0.075195
0 0.010937 0.515137 0.020313 0.030273
0 0.210156 0.510742 0.023438 0.044922
0 0.237891 0.550293 0.022656 0.047852
