1 0.367188 0.626465 0.081250 0.153320
1 0.598828 0.589355 0.080469 0.155273
1 0.774609 0.492188 0.049219 0.111328
1 0.551172 0.485352 0.041406 0.111328
1 0.436328 0.480469 0.041406 0.062500
1 0.208984 0.582520 0.064844 0.155273
1 0.232422 0.511230 0.046094 0.120117
1 0.204687 0.390625 0.046875 0.107422
1 0.917969 0.545410 0.064062 0.145508
0 0.277344 0.573730 0.060937 0.143555
0 0.306250 0.455566 0.037500 0.063477
0 0.363281 0.522461 0.048438 0.078125
0 0.416016 0.437012 0.028906 0.083008
0 0.444922 0.525879 0.050781 0.125977
0 0.492969 0.547363 0.040625 0.145508
0 0.535156 0.454102 0.023438 0.091797
0 0.650000 0.507324 0.032813 0.129883
0 0.686328 0.586914 0.052344 0.166016
0 0.799609 0.582520 0.046094 0.165039
