1 0.476953 0.697266 0.055469 0.169922
1 0.546484 0.636719 0.063281 0.136719
1 0.694922 0.570312 0.052344 0.119141
1 0.544141 0.462891 0.038281 0.082031
1 0.622266 0.422363 0.025781 0.061523
1 0.691406 0.420898 0.029687 0.066406
1 0.309375 0.500977 0.070312 0.144531
1 0.400391 0.607910 0.063281 0.125977
1 0.448437 0.505859 0.039062 0.074219
1 0.696484 0.484375 0.030469 0.078125
0 0.475391 0.454102 0.024219 0.082031
0 0.585547 0.547363 0.047656 0.104492
0 0.570703 0.594238 0.044531 0.106445
0 0.714063 0.456055 0.025000 0.085938
0 0.706641 0.479980 0.024219 0.077148
0 0.609766 0.450684 0.027344 0.077148
0 0.620313 0.505859 0.032813 0.099609
0 0.252734 0.549316 0.039844 0.069336
0 0.339062 0.485840 0.034375 0.088867
