0 0.603516 0.617676 0.105469 0.264648
0 0.867969 0.610352 0.103125 0.177734
1 0.798438 0.363770 0.078125 0.149414
1 0.703125 0.490723 0.062500 0.129883
1 0.694922 0.438477 0.025781 0.048828
1 0.626563 0.463379 0.039062 0.104492
0 0.581250 0.458008 0.037500 0.103516
0 0.523047 0.454590 0.038281 0.106445
0 0.423438 0.450684 0.034375 0.112305
0 0.462500 0.459473 0.034375 0.114258
0 0.291406 0.530762 0.085938 0.184570
0 0.258203 0.461426 0.039844 0.127930
0 0.314453 0.411133 0.027344 0.041016
0 0.241016 0.442383 0.033594 0.099609
1 0.333203 0.477051 0.053906 0.141602
1 0.372656 0.440918 0.048438 0.098633
1 0.491797 0.537598 0.077344 0.131836
1 0.500781 0.439453 0.045312 0.087891
