0 0.494922 0.606934 0.060156 0.159180
0 0.567187 0.545410 0.039062 0.122070
0 0.632031 0.497559 0.039062 0.090820
0 0.605859 0.469238 0.019531 0.073242
0 0.536719 0.462402 0.020313 0.045898
0 0.441406 0.572266 0.048438 0.144531
0 0.371484 0.492188 0.024219 0.087891
0 0.399219 0.477051 0.021875 0.053711
0 0.443359 0.509766 0.038281 0.099609
0 0.452734 0.501465 0.032031 0.094727
1 0.328516 0.512695 0.038281 0.095703
1 0.359766 0.488770 0.022656 0.083008
1 0.358984 0.446289 0.019531 0.015625
1 0.448437 0.398926 0.023438 0.067383
1 0.702344 0.693848 0.098437 0.213867
1 0.719141 0.598633 0.063281 0.158203
1 0.552344 0.492676 0.018750 0.053711
1 0.567969 0.487305 0.031250 0.052734
1 0.431250 0.453613 0.020313 0.036133
1 0.401953 0.548828 0.038281 0.123047
