1 0.141016 0.401367 0.075781 0.148438
1 0.300391 0.535156 0.049219 0.095703
0 0.400391 0.480957 0.021094 0.051758
0 0.511328 0.530273 0.013281 0.021484
0 0.541797 0.530762 0.016406 0.053711
0 0.587891 0.520508 0.011719 0.050781
0 0.587500 0.541016 0.017188 0.025391
0 0.571094 0.491211 0.012500 0.037109
0 0.651953 0.454590 0.019531 0.069336
0 0.733203 0.578125 0.063281 0.140625
0 0.729297 0.493652 0.033594 0.073242
1 0.432812 0.556641 0.035937 0.089844
1 0.512891 0.589844 0.053906 0.109375
1 0.581250 0.673340 0.101562 0.229492
1 0.424609 0.464355 0.017969 0.059570
1 0.687109 0.374512 0.016406 0.047852
1 0.698828 0.466309 0.013281 0.061523
1 0.691797 0.460449 0.016406 0.043945
