0 0.189453 0.616699 0.080469 0.264648
0 0.446484 0.747559 0.114844 0.278320
0 0.591406 0.485840 0.034375 0.127930
0 0.665625 0.501465 0.043750 0.135742
0 0.518750 0.478027 0.042188 0.116211
0 0.507031 0.433594 0.025000 0.044922
0 0.426953 0.444824 0.030469 0.077148
0 0.465234 0.450195 0.030469 0.089844
0 0.266406 0.498047 0.062500 0.140625
0 0.382031 0.424316 0.017188 0.036133
1 0.299219 0.452148 0.029687 0.085938
1 0.339844 0.442871 0.037500 0.075195
1 0.383203 0.549316 0.057031 0.135742
1 0.705859 0.568848 0.061719 0.202148
1 0.772266 0.378906 0.111719 0.250000
1 0.819531 0.469727 0.034375 0.031250
1 0.733203 0.491211 0.038281 0.083984
1 0.627734 0.467773 0.036719 0.103516
1 0.496484 0.453125 0.021094 0.083984
1 0.375391 0.455566 0.033594 0.081055
