0 0.510938 0.744141 0.129688 0.281250
0 0.205469 0.622559 0.084375 0.280273
0 0.257812 0.496094 0.070312 0.146484
0 0.404687 0.437500 0.034375 0.082031
0 0.360938 0.407227 0.018750 0.015625
0 0.444922 0.441406 0.033594 0.089844
0 0.498047 0.456543 0.039844 0.106445
0 0.510156 0.470703 0.046875 0.117188
0 0.584766 0.476562 0.033594 0.126953
0 0.658203 0.489746 0.044531 0.129883
1 0.792969 0.371582 0.118750 0.241211
1 0.797266 0.472656 0.053906 0.046875
1 0.713281 0.554688 0.071875 0.197266
1 0.720313 0.464355 0.043750 0.057617
1 0.387891 0.544434 0.061719 0.137695
1 0.364844 0.472656 0.043750 0.105469
1 0.616016 0.457031 0.038281 0.095703
1 0.487109 0.443848 0.032031 0.090820
1 0.273047 0.448242 0.036719 0.089844
1 0.313281 0.436523 0.040625 0.074219
