1 0.068359 0.483398 0.077344 0.056641
1 0.805469 0.706543 0.101562 0.194336
1 0.651953 0.609375 0.058594 0.126953
1 0.366016 0.688477 0.067969 0.177734
1 0.304688 0.549316 0.023438 0.071289
1 0.319141 0.578613 0.028906 0.075195
1 0.500000 0.500977 0.021875 0.056641
1 0.615625 0.392090 0.040625 0.083008
0 0.089844 0.453125 0.034375 0.044922
0 0.338672 0.588379 0.033594 0.098633
0 0.498828 0.603516 0.047656 0.126953
0 0.516797 0.582031 0.035156 0.074219
0 0.792188 0.592285 0.040625 0.110352
0 0.841797 0.410156 0.042969 0.113281
0 0.444141 0.509277 0.019531 0.071289
0 0.370312 0.530762 0.020313 0.071289
0 0.540625 0.390137 0.023438 0.084961
