1 0.317969 0.732910 0.071875 0.159180
1 0.047266 0.477539 0.055469 0.130859
1 0.243750 0.527344 0.050000 0.080078
1 0.357812 0.545898 0.029687 0.072266
1 0.358203 0.615234 0.057031 0.083984
1 0.657031 0.437012 0.020313 0.055664
1 0.657813 0.425781 0.015625 0.044922
1 0.673438 0.329102 0.015625 0.044922
1 0.394922 0.429199 0.021094 0.057617
0 0.468750 0.518555 0.023438 0.058594
0 0.541406 0.621582 0.042188 0.124023
0 0.616406 0.519043 0.026562 0.088867
0 0.565625 0.436035 0.010937 0.032227
0 0.589844 0.437988 0.017188 0.065430
0 0.510938 0.487305 0.017188 0.044922
0 0.358984 0.455566 0.024219 0.043945
0 0.567578 0.464844 0.016406 0.023438
