1 0.264844 0.459473 0.076563 0.145508
1 0.350781 0.586426 0.059375 0.131836
1 0.467578 0.492676 0.049219 0.075195
1 0.491016 0.648926 0.074219 0.155273
1 0.379297 0.702637 0.064844 0.186523
1 0.585938 0.459473 0.046875 0.090820
1 0.698047 0.426758 0.036719 0.082031
1 0.695312 0.603516 0.062500 0.140625
0 0.262891 0.513184 0.044531 0.073242
0 0.368750 0.459961 0.040625 0.091797
0 0.536328 0.612305 0.060156 0.138672
0 0.581641 0.560547 0.050781 0.130859
0 0.515625 0.438965 0.025000 0.088867
0 0.645703 0.517090 0.041406 0.118164
0 0.671094 0.454102 0.026562 0.095703
0 0.799609 0.442383 0.030469 0.042969
0 0.780469 0.447754 0.015625 0.020508
1 0.791406 0.416992 0.026562 0.056641
