0 0.195703 0.373047 0.035156 0.070312
0 0.358984 0.343262 0.039844 0.125977
0 0.426172 0.563477 0.032031 0.117188
0 0.523828 0.662109 0.060156 0.207031
0 0.670703 0.637207 0.044531 0.165039
0 0.467187 0.509277 0.028125 0.083008
0 0.438672 0.528809 0.017969 0.053711
0 0.598828 0.539062 0.036719 0.095703
0 0.724219 0.437988 0.023438 0.083008
1 0.289844 0.352051 0.053125 0.102539
1 0.331250 0.694824 0.082812 0.219727
1 0.528516 0.498047 0.024219 0.070312
1 0.640625 0.570312 0.054688 0.083984
1 0.703906 0.581543 0.048438 0.122070
1 0.600000 0.430664 0.020313 0.062500
1 0.664062 0.481445 0.015625 0.056641
