1 0.164062 0.398438 0.065625 0.140625
1 0.319141 0.528320 0.047656 0.091797
1 0.447656 0.554199 0.035937 0.092773
1 0.441406 0.458008 0.018750 0.058594
1 0.593750 0.667480 0.092188 0.227539
1 0.526953 0.587402 0.058594 0.116211
1 0.716797 0.460449 0.014844 0.057617
1 0.705859 0.456543 0.008594 0.043945
1 0.706641 0.367676 0.017969 0.045898
0 0.526563 0.526367 0.014063 0.019531
0 0.416406 0.478516 0.021875 0.052734
0 0.587500 0.487793 0.010937 0.040039
0 0.558203 0.523926 0.016406 0.045898
0 0.603906 0.515625 0.015625 0.048828
0 0.751953 0.575195 0.063281 0.140625
0 0.750000 0.488281 0.034375 0.068359
0 0.671484 0.452148 0.021094 0.070312
