1 0.703906 0.694824 0.095312 0.213867
1 0.719141 0.596680 0.058594 0.154297
1 0.548828 0.494629 0.016406 0.055664
1 0.568750 0.486328 0.031250 0.048828
1 0.326172 0.513672 0.035156 0.097656
1 0.357422 0.476562 0.013281 0.080078
1 0.407422 0.550781 0.035156 0.126953
1 0.429297 0.454590 0.016406 0.041992
1 0.446484 0.397949 0.021094 0.067383
1 0.356250 0.470215 0.015625 0.063477
0 0.372656 0.492188 0.025000 0.087891
0 0.444141 0.571289 0.044531 0.142578
0 0.496094 0.605469 0.062500 0.160156
0 0.567969 0.545410 0.040625 0.127930
0 0.632031 0.498047 0.035937 0.091797
0 0.605469 0.470215 0.018750 0.071289
0 0.535937 0.461426 0.018750 0.045898
0 0.453125 0.502441 0.031250 0.098633
0 0.438281 0.484863 0.029687 0.049805
0 0.398828 0.472168 0.024219 0.045898
