0 0.604688 0.615234 0.101562 0.263672
0 0.865234 0.611816 0.107031 0.172852
0 0.523438 0.455566 0.035937 0.108398
0 0.582812 0.457520 0.039062 0.100586
0 0.425000 0.452637 0.035937 0.114258
0 0.467969 0.461914 0.039062 0.117188
0 0.291406 0.527344 0.081250 0.193359
0 0.242578 0.444336 0.035156 0.103516
0 0.259375 0.462891 0.039062 0.128906
0 0.314453 0.408203 0.027344 0.035156
1 0.334766 0.477539 0.053906 0.142578
1 0.371484 0.440430 0.044531 0.097656
1 0.493750 0.539062 0.076563 0.134766
1 0.500781 0.438965 0.042188 0.086914
1 0.702734 0.489746 0.061719 0.131836
1 0.692969 0.433594 0.029687 0.037109
1 0.799609 0.358887 0.074219 0.135742
