1 0.163672 0.644531 0.050781 0.099609
1 0.216406 0.682617 0.057813 0.103516
1 0.511328 0.387207 0.032031 0.081055
1 0.486719 0.831543 0.060937 0.127930
1 0.286719 0.919434 0.109375 0.161133
1 0.799219 0.695312 0.073438 0.136719
1 0.623828 0.626953 0.044531 0.113281
1 0.346094 0.492188 0.029687 0.074219
0 0.275000 0.692383 0.054688 0.121094
0 0.210938 0.572754 0.034375 0.092773
0 0.289844 0.514648 0.028125 0.074219
0 0.428516 0.383789 0.027344 0.093750
0 0.469922 0.623535 0.033594 0.083008
0 0.505469 0.663574 0.043750 0.120117
0 0.410156 0.564941 0.026562 0.096680
0 0.714453 0.409180 0.022656 0.099609
0 0.698828 0.572754 0.032031 0.094727
