0 0.274609 0.348145 0.050781 0.098633
0 0.365234 0.450195 0.028906 0.029297
0 0.448828 0.446289 0.053906 0.191406
0 0.582422 0.510742 0.032031 0.091797
0 0.548828 0.571777 0.036719 0.081055
0 0.528906 0.678223 0.042188 0.127930
0 0.753906 0.613281 0.056250 0.111328
0 0.964844 0.471191 0.051562 0.118164
0 0.884766 0.953125 0.110156 0.093750
1 0.368359 0.403320 0.069531 0.146484
1 0.476562 0.432129 0.031250 0.081055
1 0.478906 0.486816 0.037500 0.092773
1 0.660937 0.473633 0.029687 0.082031
1 0.766016 0.381836 0.032031 0.080078
1 0.839844 0.433105 0.032813 0.077148
1 0.817187 0.697754 0.071875 0.116211
1 0.901563 0.782715 0.093750 0.165039
1 0.977344 0.500977 0.026562 0.044922
