1 0.079687 0.566406 0.050000 0.052734
1 0.374609 0.397461 0.035156 0.080078
1 0.385937 0.757812 0.082812 0.220703
1 0.477734 0.712402 0.080469 0.135742
1 0.547266 0.540527 0.025781 0.083008
1 0.727734 0.584961 0.047656 0.101562
1 0.628125 0.528809 0.023438 0.073242
0 0.093359 0.644531 0.075781 0.152344
0 0.167969 0.721680 0.079687 0.181641
0 0.371484 0.585938 0.041406 0.101562
0 0.330859 0.388672 0.046094 0.101562
0 0.463281 0.414062 0.021875 0.064453
0 0.494141 0.581055 0.032031 0.076172
0 0.553125 0.661621 0.042188 0.155273
0 0.504687 0.520508 0.023438 0.066406
0 0.577734 0.568359 0.027344 0.103516
0 0.882031 0.487793 0.095312 0.106445
1 0.912500 0.456543 0.045312 0.059570
