0 0.416797 0.625977 0.044531 0.132812
0 0.745703 0.661621 0.049219 0.163086
0 0.730078 0.573242 0.032031 0.068359
0 0.603516 0.562988 0.032031 0.100586
0 0.395313 0.563965 0.037500 0.104492
0 0.583594 0.378906 0.035937 0.095703
0 0.743750 0.399414 0.021875 0.068359
0 0.780469 0.520996 0.032813 0.079102
0 0.839063 0.580566 0.039062 0.118164
1 0.401172 0.516113 0.028906 0.047852
1 0.542578 0.690430 0.072656 0.167969
1 0.643359 0.687012 0.072656 0.141602
1 0.957812 0.537109 0.037500 0.078125
1 0.819141 0.544434 0.030469 0.096680
1 0.633594 0.382324 0.031250 0.075195
